1.23497 -7.39245 0.354316 -0.40141 0.477847 -1.25072 0.140365 0.613435 -0.423828 0.166506 -0.0649103 0.0440099 
1.135 -6.32074 2.11068 1.21556 2.13727 -0.465026 1.15496 1.3349 -0.0532303 0.145112 -0.194159 0.12373 
6.01876 -2.0269 0.983827 2.55685 1.26838 0.252123 0.940763 -0.350841 0.0364333 0.367941 0.235801 0.137096 
4.29282 -4.35534 0.187203 0.43714 1.89054 0.702777 1.92124 0.46985 -0.248623 0.544918 0.0155973 0.0278107 
5.43179 -4.19203 2.79029 -0.61069 0.461142 2.23315 1.08231 0.443445 0.0362933 0.734588 0.184671 -0.234776 
6.28474 -2.39934 1.0514 1.11111 -0.320556 2.18742 2.76847 0.419695 -0.0126018 0.908965 0.393642 -0.0961012 
6.96709 -5.34829 1.32755 1.02964 -2.288 2.04607 2.26053 -1.1243 -0.451314 0.504106 -0.305565 -0.26592 
6.2805 -4.7396 2.56126 0.888729 -2.26855 2.7548 1.85375 -1.39426 0.38809 1.08263 -0.298495 -0.303118 
7.44259 -4.12744 0.0780708 -0.242264 -2.45679 0.691524 0.475581 -0.925934 -0.304356 -0.055119 -0.129658 -0.0152763 
7.39857 -3.84547 1.39254 -0.509798 -2.85031 0.335946 -0.487736 -1.62467 -0.523136 -0.0608571 0.175857 0.091728 
6.96655 -3.13175 1.97727 -0.952596 -2.45384 0.109612 -1.16405 -1.36455 -0.985125 -0.56007 0.464417 0.164125 
7.3367 -3.62442 2.51788 -0.0771758 -2.18284 -0.213276 -1.85423 -2.01133 -0.925119 -0.444335 0.413133 0.187473 
7.38783 -2.98326 1.62579 1.41159 -0.446564 -0.291161 -2.51419 -1.79701 -0.171884 -0.307579 -0.0175231 0.143165 
7.25655 -3.15452 0.634452 -0.325014 -2.08614 -0.700004 -2.35265 -1.48018 -0.18578 -0.224001 0.296732 0.203752 
7.23351 -3.49649 2.22873 2.47062 -1.05561 -0.42581 -0.901507 -1.95902 -0.919783 -0.12113 0.110633 0.138468 
7.12042 -3.07532 1.42999 0.913482 -2.61462 -0.841179 -1.10908 -2.23772 -1.17678 0.00437787 0.322515 0.13382 
7.14098 -4.41344 1.2712 -0.994623 -1.28977 1.49938 -0.313559 -0.714901 -0.173777 -0.397902 0.0257181 -0.0192897 
7.00593 -4.67646 0.476161 -0.25096 0.12487 2.92029 0.226111 -0.954388 0.108628 -0.369407 -0.308409 -0.0137686 
6.56724 -4.98982 1.36682 -1.13661 0.667649 3.09761 0.0421891 -0.0802152 -0.252242 -0.672518 0.00669187 -0.0957732 
5.7632 -5.40584 1.51575 -0.817577 1.85338 4.08906 0.539602 -0.0648533 -0.574735 -0.670487 0.0801276 -0.0562624 
6.84454 -4.79143 0.112323 0.977543 -0.495134 2.40094 1.51402 -0.787011 -0.548967 -0.225275 -0.287406 -0.0751082 
5.96316 -5.33808 0.936649 1.02977 0.23887 4.21553 2.18104 -1.41439 -0.905971 -0.169988 -0.0766216 0.0186946 
6.26989 -5.40962 1.31578 0.171048 0.534585 4.12896 1.08737 -1.0455 -0.292224 -0.553328 -0.186082 0.0464489 
5.14601 -5.53208 2.03667 -0.0180435 1.22882 5.63403 1.92023 -0.976694 -0.33981 -0.256378 0.140907 0.151133 
5.24284 -2.10358 -0.307831 2.4021 3.56069 1.49664 1.61185 1.11398 0.316872 0.185825 0.309451 0.149449 
4.78968 -3.52232 0.318023 3.12677 3.47189 1.52023 3.15678 1.14836 -0.216042 0.316932 0.357875 0.120969 
5.94475 -2.29472 -0.331778 1.6967 2.54535 3.26661 2.8782 -0.13465 -0.207946 0.768376 0.399961 0.00299986 
5.82621 -2.73311 -0.545096 1.67588 2.84763 2.65139 3.5451 0.162731 -0.849344 0.582331 0.506764 0.0200604 
4.86033 -6.25751 -0.983742 4.25487 2.9857 2.72015 2.52967 -1.22584 -1.79516 0.349835 0.650209 0.00719847 
3.70672 -6.26433 -0.726645 3.43395 4.19748 1.62238 3.03901 -1.7351 -1.99338 0.614528 0.53352 0.0475823 
4.32119 -7.52998 0.46779 4.02508 1.72106 3.57065 2.09113 -2.39308 -1.63966 0.722748 0.50792 -0.0180538 
3.68429 -6.30156 -0.382804 3.71327 2.30876 2.93189 3.40352 -2.42251 -2.26683 0.536414 0.6383 -0.00360321 
